Train,date-time,rom,method,checkpoint,Episode,Total frames,Episode_frames,buff,Reward,td_erro,episilon
1,05/09/21 21:20:34,video_pinball,dqn,0,1,4396,4396,219,1405,0.0,0.9562000000000048
1,05/09/21 21:20:39,video_pinball,dqn,0,2,10091,5695,503,8209,0.0,0.8994000000000111
1,05/09/21 21:20:45,video_pinball,dqn,0,3,16055,5964,801,7612,0.0,0.8398000000000176
1,05/09/21 21:20:50,video_pinball,dqn,0,4,20547,4492,1025,2614,9.887458801269531,0.7950000000000226
1,05/09/21 21:21:01,video_pinball,dqn,0,5,26314,5767,1313,4308,17.97070636351903,0.7374000000000289
1,05/09/21 21:21:15,video_pinball,dqn,0,6,32978,6664,1646,4809,17.120119594419037,0.6708000000000363
1,05/09/21 21:21:31,video_pinball,dqn,0,7,40826,7848,2038,5417,17.048889421629813,0.5924000000000449
1,05/09/21 21:21:44,video_pinball,dqn,0,8,47402,6576,2366,2606,15.436683309332627,0.5268000000000521
1,05/09/21 21:21:53,video_pinball,dqn,0,9,51468,4066,2569,1909,14.084896778985858,0.4862000000000566
1,05/09/21 21:22:05,video_pinball,dqn,0,10,57824,6356,2886,8005,17.952535928804664,0.42280000000006357
1,05/09/21 21:22:12,video_pinball,dqn,0,11,61052,3228,3047,3003,14.352213203907013,0.3906000000000671
1,05/09/21 21:22:23,video_pinball,dqn,0,12,66289,5237,3308,2407,15.12120872518191,0.33840000000007286
1,05/09/21 21:22:27,video_pinball,dqn,0,13,68665,2376,3426,300,17.014157248982066,0.31480000000007546
1,05/09/21 21:22:35,video_pinball,dqn,0,14,72393,3728,3612,2604,18.922270132147748,0.27760000000007956
1,05/09/21 21:22:54,video_pinball,dqn,0,15,81706,9313,4077,16431,16.255470479148087,0.18460000000008073
1,05/09/21 21:23:21,video_pinball,dqn,0,16,95297,13591,4756,4015,17.301651462536448,0.048800000000077316
1,05/09/21 21:23:44,video_pinball,dqn,0,17,106532,11235,5317,9609,16.906036702224185,0.01
Train,date-time,rom,method,checkpoint,Episode,Total frames,Episode_frames,buff,Reward,td_erro,episilon
1,05/09/21 21:24:38,video_pinball,dqn,0,1,9329,9329,466,30409,0.0,0.9068000000000103
1,05/09/21 21:24:48,video_pinball,dqn,0,2,17695,8366,884,7022,0.0,0.8232000000000195
1,05/09/21 21:25:10,video_pinball,dqn,0,3,29412,11717,1469,30723,39.64203709185633,0.7062000000000324
1,05/09/21 21:25:40,video_pinball,dqn,0,4,44409,14997,2218,38233,48.82557471423225,0.5564000000000489
1,05/09/21 21:25:57,video_pinball,dqn,0,5,52425,8016,2618,2717,43.829119272753594,0.47640000000005767
1,05/09/21 21:26:03,video_pinball,dqn,0,6,55368,2943,2765,4502,47.396556589338516,0.4470000000000609
1,05/09/21 21:26:13,video_pinball,dqn,0,7,60573,5205,3025,802,36.18808630429781,0.39500000000006663
1,05/09/21 21:26:21,video_pinball,dqn,0,8,64028,3455,3197,901,27.594376275705738,0.3606000000000704
1,05/09/21 21:26:41,video_pinball,dqn,0,9,74177,10149,3704,11313,34.25854145240275,0.2592000000000816
1,05/09/21 21:26:56,video_pinball,dqn,0,10,81393,7216,4064,4609,38.00583550396065,0.1872000000000808
1,05/09/21 21:27:21,video_pinball,dqn,0,11,93820,12427,4685,28826,29.911632910659236,0.06300000000007724
1,05/09/21 21:28:14,video_pinball,dqn,0,12,107907,14087,5389,12519,35.258781693198465,0.01
Train,date-time,rom,method,checkpoint,Episode,Total frames,Episode_frames,buff,Reward,td_erro,episilon
1,05/09/21 21:28:48,video_pinball,dqn,0,1,8035,8035,401,9314,0.0,0.9198000000000088
1,05/09/21 21:28:51,video_pinball,dqn,0,2,11051,3016,551,1306,0.0,0.8898000000000121
1,05/09/21 21:28:55,video_pinball,dqn,0,3,14802,3751,738,1302,0.0,0.8524000000000163
1,05/09/21 21:29:11,video_pinball,dqn,0,4,24931,10129,1244,5117,14.210309548828308,0.7512000000000274
1,05/09/21 21:29:25,video_pinball,dqn,0,5,31644,6713,1579,13312,15.242279539926185,0.6842000000000348
1,05/09/21 21:29:41,video_pinball,dqn,0,6,39515,7871,1972,10220,20.80108045275342,0.6056000000000434
1,05/09/21 21:30:06,video_pinball,dqn,0,7,51941,12426,2593,19137,22.109746768758182,0.4814000000000571
1,05/09/21 21:30:16,video_pinball,dqn,0,8,56939,4998,2842,1609,19.40541652079311,0.4316000000000626
1,05/09/21 21:30:24,video_pinball,dqn,0,9,60909,3970,3040,3105,20.238041682320894,0.39200000000006696
1,05/09/21 21:30:44,video_pinball,dqn,0,10,70635,9726,3526,10404,20.953362934706995,0.29480000000007767
1,05/09/21 21:30:55,video_pinball,dqn,0,11,75693,5058,3778,1906,16.916243347812387,0.24440000000008244
1,05/09/21 21:31:21,video_pinball,dqn,0,12,88425,12732,4414,15321,16.14123062930017,0.1172000000000788
1,05/09/21 21:31:41,video_pinball,dqn,0,13,98061,9636,4895,9506,22.2227493048956,0.021000000000077484
1,05/09/21 21:32:21,video_pinball,dqn,0,14,117476,19415,5865,4005,19.200178862641728,0.01
Train,date-time,rom,method,checkpoint,Episode,Total frames,Episode_frames,buff,Reward,td_erro,episilon
1,05/09/21 21:32:57,video_pinball,dqn,0,1,4060,4060,202,2004,0.0,0.9596000000000044
1,05/09/21 21:33:01,video_pinball,dqn,0,2,8025,3965,400,4202,0.0,0.9200000000000088
1,05/09/21 21:33:08,video_pinball,dqn,0,3,15445,7420,770,10213,0.0,0.846000000000017
1,05/09/21 21:33:23,video_pinball,dqn,0,4,25192,9747,1257,14216,23.382829459384084,0.7486000000000277
1,05/09/21 21:33:38,video_pinball,dqn,0,5,32888,7696,1641,9811,23.91503159205119,0.6718000000000361
1,05/09/21 21:33:54,video_pinball,dqn,0,6,40413,7525,2017,8311,22.49895035713277,0.5966000000000444
1,05/09/21 21:34:01,video_pinball,dqn,0,7,43872,3459,2189,1601,26.13167372969694,0.5622000000000482
1,05/09/21 21:34:12,video_pinball,dqn,0,8,49626,5754,2476,7618,21.428466333469874,0.5048000000000545
1,05/09/21 21:34:21,video_pinball,dqn,0,9,53765,4139,2682,2306,24.804090130562876,0.4636000000000591
1,05/09/21 21:34:35,video_pinball,dqn,0,10,61048,7283,3046,3714,23.617248566596064,0.3908000000000671
1,05/09/21 21:34:55,video_pinball,dqn,0,11,70932,9884,3540,13518,22.942541867555157,0.292000000000078
1,05/09/21 21:35:12,video_pinball,dqn,0,12,79151,8219,3950,4910,21.269987265268963,0.21000000000008145
1,05/09/21 21:35:25,video_pinball,dqn,0,13,85589,6438,4271,7312,19.82823410506826,0.14580000000007962
1,05/09/21 21:35:46,video_pinball,dqn,0,14,96051,10462,4794,1203,20.19510904458853,0.04120000000007736
1,05/09/21 21:36:38,video_pinball,dqn,0,15,121738,25687,6078,6906,18.417798809240054,0.01
Train,date-time,rom,method,checkpoint,Episode,Total frames,Episode_frames,buff,Reward,td_erro,episilon
1,05/09/21 21:36:56,video_pinball,dqn,0,1,5590,5590,279,7509,0.0,0.9442000000000061
1,05/09/21 21:37:04,video_pinball,dqn,0,2,13256,7666,662,15118,0.0,0.8676000000000146
1,05/09/21 21:37:14,video_pinball,dqn,0,3,22001,8745,1099,9215,32.10637774070104,0.7802000000000242
1,05/09/21 21:37:38,video_pinball,dqn,0,4,33879,11878,1692,25217,31.11041410065986,0.6616000000000373
1,05/09/21 21:37:47,video_pinball,dqn,0,5,38263,4384,1911,901,32.03863730253997,0.6178000000000421
1,05/09/21 21:37:56,video_pinball,dqn,0,6,42744,4481,2135,3905,30.85491590321596,0.573000000000047
1,05/09/21 21:38:11,video_pinball,dqn,0,7,49866,7122,2491,2601,25.670125243369114,0.5018000000000549
1,05/09/21 21:38:28,video_pinball,dqn,0,8,58231,8365,2909,3610,24.426221411961777,0.4182000000000641
1,05/09/21 21:38:46,video_pinball,dqn,0,9,67169,8938,3355,3715,21.99733301510548,0.3290000000000739
1,05/09/21 21:38:51,video_pinball,dqn,0,10,69625,2456,3477,501,19.742053230417273,0.3046000000000766
1,05/09/21 21:39:06,video_pinball,dqn,0,11,76973,7348,3844,703,18.318111822748516,0.23120000000008206
1,05/09/21 21:39:19,video_pinball,dqn,0,12,83270,6297,4158,1502,17.31677226512096,0.16840000000008026
1,05/09/21 21:39:37,video_pinball,dqn,0,13,88168,4898,4402,1503,18.52403252901601,0.11960000000007887
1,05/09/21 21:40:14,video_pinball,dqn,0,14,106416,18248,5314,3103,15.953720451675748,0.01
