Train,date-time,rom,method,checkpoint,Episode,Total frames,Episode_frames,buff,Reward,td_erro,episilon
1,05/09/21 22:13:38,pitfall,dqn,0,1,5942,5942,297,-542,0.0,0.9406000000000065
1,05/09/21 22:13:42,pitfall,dqn,0,2,9757,3815,487,0,0.0,0.9026000000000107
1,05/09/21 22:13:52,pitfall,dqn,0,3,18985,9228,948,-300,0.0,0.8104000000000209
1,05/09/21 22:13:54,pitfall,dqn,0,4,20203,1218,1008,0,0.3069298402406275,0.7984000000000222
1,05/09/21 22:14:44,pitfall,dqn,0,5,46391,26188,2317,-1254,1.0234094257726383,0.536600000000051
1,05/09/21 22:14:49,pitfall,dqn,0,6,48829,2438,2438,-98,0.9445640005889193,0.5124000000000537
1,05/09/21 22:14:57,pitfall,dqn,0,7,53006,4177,2646,-31,0.8410862340908631,0.4708000000000583
1,05/09/21 22:14:59,pitfall,dqn,0,8,54282,1276,2709,0,0.6354423422638017,0.45820000000005967
1,05/09/21 22:15:03,pitfall,dqn,0,9,56018,1736,2795,0,0.9575844653868227,0.44100000000006156
1,05/09/21 22:15:08,pitfall,dqn,0,10,59036,3018,2945,-46,0.8693214339208852,0.41100000000006487
1,05/09/21 22:15:22,pitfall,dqn,0,11,66176,7140,3301,-200,0.7022490152488122,0.3398000000000727
1,05/09/21 22:15:26,pitfall,dqn,0,12,67931,1755,3388,-33,1.6066121245717764,0.3224000000000746
1,05/09/21 22:15:29,pitfall,dqn,0,13,69463,1532,3464,0,1.333514490007043,0.3072000000000763
1,05/09/21 22:15:39,pitfall,dqn,0,14,74799,5336,3730,-315,1.0577432190682774,0.25400000000008216
1,05/09/21 22:15:41,pitfall,dqn,0,15,75794,995,3779,0,0.9801757595414529,0.24420000000008243
1,05/09/21 22:15:43,pitfall,dqn,0,16,77020,1226,3840,-21,0.6498919838806614,0.23200000000008209
1,05/09/21 22:15:47,pitfall,dqn,0,17,78063,1043,3892,-2,0.9951986655091437,0.2216000000000818
1,05/09/21 22:15:50,pitfall,dqn,0,18,79289,1226,3953,0,0.6740140253445134,0.20940000000008144
1,05/09/21 22:15:53,pitfall,dqn,0,19,81044,1755,4040,0,0.7635509450587311,0.19200000000008094
1,05/09/21 22:15:57,pitfall,dqn,0,20,83039,1995,4139,-84,0.47459436058367527,0.17220000000008037
Train,date-time,rom,method,checkpoint,Episode,Total frames,Episode_frames,buff,Reward,td_erro,episilon
1,05/09/21 22:19:40,pitfall,dqn,0,1,5051,5051,252,-460,0.0,0.9496000000000056
1,05/09/21 22:19:43,pitfall,dqn,0,2,7817,2766,390,-49,0.0,0.9220000000000086
1,05/09/21 22:19:45,pitfall,dqn,0,3,10372,2555,517,-6,0.0,0.8966000000000114
1,05/09/21 22:19:48,pitfall,dqn,0,4,13152,2780,655,0,0.0,0.8690000000000144
1,05/09/21 22:19:50,pitfall,dqn,0,5,15228,2076,758,-18,0.0,0.8484000000000167
1,05/09/21 22:19:52,pitfall,dqn,0,6,17260,2032,859,0,0.0,0.8282000000000189
1,05/09/21 22:19:54,pitfall,dqn,0,7,19035,1775,947,0,0.0,0.8106000000000209
1,05/09/21 22:19:58,pitfall,dqn,0,8,21310,2275,1060,-20,0.26942457842330136,0.7880000000000233
1,05/09/21 22:20:01,pitfall,dqn,0,9,22306,996,1109,-22,0.48041057476075366,0.7782000000000244
1,05/09/21 22:20:06,pitfall,dqn,0,10,24578,2272,1222,0,0.27018206622285235,0.7556000000000269
1,05/09/21 22:20:13,pitfall,dqn,0,11,28177,3599,1401,0,0.24460905253231016,0.7198000000000309
1,05/09/21 22:20:20,pitfall,dqn,0,12,31712,3535,1577,0,0.49183040406602563,0.6846000000000347
1,05/09/21 22:20:23,pitfall,dqn,0,13,33267,1555,1654,0,0.33797441734350286,0.6692000000000364
1,05/09/21 22:20:26,pitfall,dqn,0,14,35009,1742,1741,-53,0.2944724598803857,0.6518000000000383
1,05/09/21 22:20:31,pitfall,dqn,0,15,37505,2496,1865,0,0.3543558352408112,0.6270000000000411
1,05/09/21 22:21:04,pitfall,dqn,0,16,54460,16955,2712,-400,0.3619915343698909,0.45760000000005974
1,05/09/21 22:21:10,pitfall,dqn,0,17,56178,1718,2797,-74,0.23048599176399875,0.4406000000000616
1,05/09/21 22:21:13,pitfall,dqn,0,18,57656,1478,2870,-22,0.29844843655559494,0.4260000000000632
1,05/09/21 22:21:19,pitfall,dqn,0,19,60691,3035,3021,-153,0.2703154155437054,0.39580000000006654
1,05/09/21 22:21:34,pitfall,dqn,0,20,68526,7835,3412,-851,0.5988186363664278,0.31760000000007516
1,05/09/21 22:21:38,pitfall,dqn,0,21,70524,1998,3511,-81,0.8541454662433049,0.29780000000007734
1,05/09/21 22:21:39,pitfall,dqn,0,22,71519,995,3560,-9,0.6053429379098816,0.2880000000000784
1,05/09/21 22:21:57,pitfall,dqn,0,23,80411,8892,4004,-100,0.6237229132395016,0.19920000000008115
1,05/09/21 22:22:16,pitfall,dqn,0,24,90407,9996,4503,-26,0.6737253821401898,0.09940000000007829
1,05/09/21 22:22:21,pitfall,dqn,0,25,93181,2774,4641,-24,0.4445910068187753,0.0718000000000775
1,05/09/21 22:22:24,pitfall,dqn,0,26,94711,1530,4717,0,0.38505626527905024,0.05660000000007727
1,05/09/21 22:22:37,pitfall,dqn,0,27,101421,6710,5052,0,0.4079586927458526,0.01
Train,date-time,rom,method,checkpoint,Episode,Total frames,Episode_frames,buff,Reward,td_erro,episilon
1,05/09/21 22:23:23,pitfall,dqn,0,1,2892,2892,144,-68,0.0,0.9712000000000032
1,05/09/21 22:23:25,pitfall,dqn,0,2,5227,2335,260,-37,0.0,0.9480000000000057
1,05/09/21 22:23:36,pitfall,dqn,0,3,15543,10316,775,-146,0.0,0.8450000000000171
1,05/09/21 22:23:40,pitfall,dqn,0,4,19077,3534,951,-90,0.0,0.809800000000021
1,05/09/21 22:23:44,pitfall,dqn,0,5,21752,2675,1084,0,0.23417913499066517,0.7832000000000239
1,05/09/21 22:23:49,pitfall,dqn,0,6,24064,2312,1199,-44,0.21678206452426302,0.7602000000000264
1,05/09/21 22:23:52,pitfall,dqn,0,7,25810,1746,1286,0,0.5580397578499591,0.7428000000000283
1,05/09/21 22:25:02,pitfall,dqn,0,8,44985,19175,2244,-300,0.32889342483270195,0.5512000000000494
1,05/09/21 22:25:04,pitfall,dqn,0,9,46300,1315,2309,-21,0.01497823216686811,0.5382000000000509
1,05/09/21 22:25:09,pitfall,dqn,0,10,47802,1502,2384,-46,0.07300531023631468,0.5232000000000525
1,05/09/21 22:25:12,pitfall,dqn,0,11,49296,1494,2458,0,0.1667827489396182,0.5084000000000541
1,05/09/21 22:25:53,pitfall,dqn,0,12,70627,21331,3524,-536,0.4174235117187296,0.2952000000000776
1,05/09/21 22:25:59,pitfall,dqn,0,13,73665,3038,3675,0,0.5468338130917432,0.26500000000008095
1,05/09/21 22:26:02,pitfall,dqn,0,14,75147,1482,3749,0,0.5016378589514514,0.2502000000000826
1,05/09/21 22:26:06,pitfall,dqn,0,15,77153,2006,3849,-12,0.44656412258162165,0.23020000000008203
1,05/09/21 22:26:28,pitfall,dqn,0,16,88409,11256,4411,0,0.32663651536807137,0.11780000000007881
1,05/09/21 22:26:57,pitfall,dqn,0,17,103359,14950,5158,-384,0.2867946337299008,0.01
Train,date-time,rom,method,checkpoint,Episode,Total frames,Episode_frames,buff,Reward,td_erro,episilon
1,05/09/21 22:28:34,pitfall,dqn,0,1,34214,34214,1710,-2000,1.6055628738318712,0.6580000000000377
1,05/09/21 22:29:05,pitfall,dqn,0,2,50226,16012,2510,-353,1.1477025115018478,0.4980000000000553
1,05/09/21 22:29:12,pitfall,dqn,0,3,54018,3792,2699,0,1.0368131697598963,0.46020000000005945
1,05/09/21 22:29:38,pitfall,dqn,0,4,67730,13712,3384,0,0.8249224281794261,0.32320000000007454
1,05/09/21 22:29:51,pitfall,dqn,0,5,71308,3578,3562,-196,1.1246830247903497,0.28760000000007846
1,05/09/21 22:29:56,pitfall,dqn,0,6,74074,2766,3700,-91,0.6567678033453002,0.2600000000000815
1,05/09/21 22:32:14,pitfall,dqn,0,7,145754,71680,7283,-902,0.6061815962829015,0.01
Train,date-time,rom,method,checkpoint,Episode,Total frames,Episode_frames,buff,Reward,td_erro,episilon
1,05/09/21 22:32:34,pitfall,dqn,0,1,1342,1342,67,0,0.0,0.9866000000000015
1,05/09/21 22:32:41,pitfall,dqn,0,2,9318,7976,465,-556,0.0,0.9070000000000102
1,05/09/21 22:32:47,pitfall,dqn,0,3,15312,5994,764,-346,0.0,0.8472000000000168
1,05/09/21 22:33:11,pitfall,dqn,0,4,29646,14334,1480,-1197,1.3574371328111738,0.7040000000000326
1,05/09/21 22:33:15,pitfall,dqn,0,5,31922,2276,1593,0,1.7651155536877923,0.6814000000000351
1,05/09/21 22:33:20,pitfall,dqn,0,6,34180,2258,1705,0,1.3057451586397033,0.6590000000000376
1,05/09/21 22:33:28,pitfall,dqn,0,7,36442,2262,1818,-44,1.141894393862458,0.63640000000004
1,05/09/21 22:33:35,pitfall,dqn,0,8,39972,3530,1994,-20,0.994432936795585,0.6012000000000439
1,05/09/21 22:33:38,pitfall,dqn,0,9,41474,1502,2069,-70,0.9234550565920977,0.5862000000000456
1,05/09/21 22:33:42,pitfall,dqn,0,10,43756,2282,2183,-46,0.7784544051641465,0.5634000000000481
1,05/09/21 22:33:52,pitfall,dqn,0,11,49111,5355,2450,-81,0.9721234770153057,0.510000000000054
1,05/09/21 22:33:54,pitfall,dqn,0,12,50126,1015,2500,0,1.5135043990546062,0.5000000000000551
1,05/09/21 22:34:45,pitfall,dqn,0,13,76064,25938,3796,-100,0.852433690078338,0.24080000000008234
1,05/09/21 22:35:33,pitfall,dqn,0,14,100838,24774,5034,0,0.5267616898043896,0.01
Train,date-time,rom,method,checkpoint,Episode,Total frames,Episode_frames,buff,Reward,td_erro,episilon
1,05/09/21 22:37:35,pitfall,dqn,0,1,42393,42393,2119,-892,0.6051880612532945,0.5762000000000467
1,05/09/21 22:37:39,pitfall,dqn,0,2,44809,2416,2239,0,0.5443639722342293,0.5522000000000493
1,05/09/21 22:37:45,pitfall,dqn,0,3,47613,2804,2379,-33,0.5301985633808987,0.5242000000000524
1,05/09/21 22:37:47,pitfall,dqn,0,4,49008,1395,2448,0,0.14870353444541037,0.5104000000000539
1,05/09/21 22:37:50,pitfall,dqn,0,5,50242,1234,2509,0,0.6052315157023258,0.49820000000005527
1,05/09/21 22:38:00,pitfall,dqn,0,6,55276,5034,2760,-251,0.14756721595767885,0.4480000000000608
1,05/09/21 22:38:13,pitfall,dqn,0,7,62186,6910,3105,-986,0.5938069358258914,0.3790000000000684
1,05/09/21 22:38:17,pitfall,dqn,0,8,64088,1902,3200,0,0.6229974208349038,0.3600000000000705
1,05/09/21 22:38:30,pitfall,dqn,0,9,70870,6782,3539,0,0.6455601860992223,0.29220000000007795
1,05/09/21 22:38:42,pitfall,dqn,0,10,74170,3300,3703,-205,0.4918068037694888,0.25940000000008157
1,05/09/21 22:40:52,pitfall,dqn,0,11,109654,35484,5477,-744,0.5877843630426163,0.01
Train,date-time,rom,method,checkpoint,Episode,Total frames,Episode_frames,buff,Reward,td_erro,episilon
1,05/09/21 22:42:09,pitfall,dqn,0,1,1595,1595,79,0,0.0,0.9842000000000017
1,05/09/21 22:43:52,pitfall,dqn,0,2,63057,61462,3152,-1943,0.6593334372283577,0.36960000000006943
1,05/09/21 22:44:16,pitfall,dqn,0,3,75715,12658,3784,-100,0.4719819073448152,0.2432000000000824
1,05/09/21 22:44:31,pitfall,dqn,0,4,83493,7778,4172,0,0.48598616651154947,0.16560000000008018
1,05/09/21 22:44:34,pitfall,dqn,0,5,85249,1756,4259,0,0.6120553830488851,0.14820000000007968
1,05/09/21 22:44:46,pitfall,dqn,0,6,91623,6374,4577,0,0.48839023011173655,0.08460000000007786
1,05/09/21 22:44:57,pitfall,dqn,0,7,97397,5774,4865,0,0.5875833293155464,0.027000000000077448
1,05/09/21 22:45:11,pitfall,dqn,0,8,104332,6935,5211,-82,0.3964080694351524,0.01
